32428628
32421008
32396486
32380274
32333135
32332995
32329303
32267780
32228684
32165120
32143600
32133592
32112915
32102272
32066681
32044404
32024104
32008312
31995285
31962287
31903815
31869485
31863872
31805289
31765726
31759046
31755013
31734707
31711893
31697945
31657073
31655485
31654623
31642818
31622603
31561480
31554865
31540952
31527186
31513835
31473161
31445955
31444653
31440750
31434003
31370877
31313894
31293400
31218539
31182594
31158497
31147546
31133832
31132569
31103345
31085186
31045558
31040357
31010369
30986492
30973205
30963958
30955840
30941016
30922409
30898126
30881293
30871113
30865372
30829662
30753875
30724801
30710446
30705647
30670988
30670681
30636629
30628802
30621666
30611912
30597251
30596711
30538720
30535682
30532228
30513893
30459654
30429779
30377594
30371665
30369604
30336229
30327687
30316170
30291225
30251159
30246290
30232864
30230992
30228049
30219262
30181699
30153692
30120421
30089868
30079015
30064318
30056129
30026011
30022871
30018659
29973144
29942432
29927732
29902501
29892216
29796219
29766510
29738768
29686048
29643360
29580893
29578033
29559394
29555855
29519609
29458190
29452180
29421591
29409977
29403000
29387781
29373817
29352277
29346627
29335360
29307664
29307250
29255778
29217357
29175308
29169656
29161707
29156991
29107895
29074097
29035710
29018340
28966969
28947177
28892066
28889197
28884427
28862251
28818702
28814468
28805432
28799954
28791385
28778834
28778658
28741031
28667676
28663121
28659851
28625590
28600997
28599071
28574862
28550530
28532277
28527907
28491025
28473755
28461010
28428145
28341893
28337114
28298552
28210980
28205604
28167453
28159589
28137660
28093566
28073098
28057459
28043916
28025114
28025095
27993636
27981191
27959335
27908524
27885969
27849490
27235163
27740964
27789342
27616342
27727245
27693852
27492886
27417516
27392642
27357964
27297027
27275520
27181613
27147992
27139234
27110436
27105958
26985058
26985040
26965572
26899175
26897419
26888649
26885687
26830444
26821287
26804028
26772783
26740318
26706692
26674344
26655446
26650043
26642920
26642919
26611866
26530305
26529240
26520214
26482332
26458179
26348715
26333000
26295915
26277823
26248536
26225843
26210936
26174596
26160034
26102254
26091614
26066724
26052039
26044989
26044636
26037911
26019008
25979764
25976074
25911267
25888136
25882722
25857685
25839906
25771251
25750029
25749890
25746511
25732249
25721741
25720329
25712697
25699481
25683290
25585683
25575638
25542511
25533726
25533441
25487770
25451698
25449394
25430781
25407822
25337363
25310249
25309354
25309317
25280946
25278853
25271215
25268254
25178800
25162644
25037003
25004167
25002839
24988461
24975424
24887568
24879497
24814135
24808840
24691656
24677338
24675160
24675061
24667363
24657739
24610447
24583372
24523683
24519098
24508064
24478648
24335837
24326087
24304718
24246572
24239430
24126924
24106466
24094510
24070857
24013012
24012802
23982628
23962043
23891637
23871471
23853112
23840700
23830244
23819217
23754992
23754973
23750131
23741416
23740899
23681605
23680165
23624119
23584669
23474020
23433741
23382811
23349897
23331637
23318688
23181382
23178193
23159544
23159319
23152167
23126586
23087643
23082795
23011267
23006899
22927935
22871915
22863672
22842072
22780833
22776621
22713910
22701407
22659580
22659471
22659395
22516520
22465354
22426496
22421563
22353635
22240323
22237917
22176467
22169439
22137886
22108759
22001285
21976046
21971366
21925525
21924297
21918506
21843541
21782833
21764847
21736515
21701068
21677169
21611173
21593730
21386891
21377492
21306736
21194896
21172365
20943900
20929713
20870745
20863519
20849863
20844476
20838777
20832443
20804778
20700523
20655545
20599458
20478366
20427053
20403087
20382195
20147889
20129764
20092675
20015341
20006966
19830836
19793403
19751543
19703496
19623539
19537923
19464153
19340814
19212264
19167702
19167197
19095221
19020499
19019199
18825947
18700055
18635156
18577419
18574787
18568126
18534828
18391192
18339410
17957211
17886167
17657436
17655807
17644267
17611082
17335785
17267088
17254618
17207472
17090669
17049568
17034840
17031709
17027033
17011803
16971540
16860405
16794565
16779920
16735032
16546269
16546226
19412447
16458266
16256211
16095730
16095698
16077018
15978551
15694111
15691528
15685120
15682295
15677425
15581662
15262319
15219470
15036608
12914970
12644351
12587183
12021835
11822211
11522256
11399298
11331084
11006431
21455391
9676829
9247392
9106682
8731522
7880937
8046462
8327588