31584243
31401457
31765510
31654545
31349177
31192654
31501510
31106695
31223031
31262544
31394483
31310299
31266409
31144830
30945914
30939398
31003212
30204903
30870336
30881315
30316043
30113267
30791869
30804832
30382728
30444208
31177239
29793970
30519997
30124361
30507232
30473678
30467483
30295554
29257939
30031369
29982083
30157766
29752016
30037868
30116769
29673625
29693495
29194181
29084106
29852917
29659106
29780334
29736339
29362020
30035008
29052464
29284552
29580220
27931783
29331707
29510795
29122638
28595276
28520663
29329048
29248614
29309826
28929242
29313245
28739293
29553787
29313489
27178761
30036112
29851515
30706031
29029579
29220694
28950112
28980091
30047490
28753471
28349778
29040723
29141694
29163311
28756343
29042341
29020064
28818658
27976973
29030878
28763718
28672256
28483653
28661934
28452713
27736138
28840096
28410476
28478767
27669163
28482208
28693486
28810973
28658194
28713319
28592279
27815131
28619858
28088054
28370684
29087904
28322068
28523223
28089694
28110112
27966102
28011420
28077398
28792291
28290939
28196108
28077328
27776275
27323220
27022961
29466111
27750113
27837602
27722837
27849494
27786515
27594113
27171190
26580692
27236589
27235161
27085849
27353125
27214523
27459209
25915471
26891248
27000639
27391620
26645740
27252673
27458541
26972745
26892753
25984734
26645315
26220415
26600007
27058006
26691304
27148692
26447678
26522237
26481979
25915799
26254798
26010109
26328753
26184460
25959594
25266761
26030115
26174294
24922040
25893970
25935821
26175673
26120848
26031289
26042021
26110112
26126233
26029852
25516381
26106539
25847622
25244677
25735018
25689716
25638351
25154707
24156759
25220449
24695267
26561791
26237266
26011671
25444643
26372003
25522731
25470729
25407582
25150386
25780370
25211372
24686914
24886789
25093599
25129883
24930003
25005504
25002839
24950747
24932142
24165904
24936431
24731434
24786361
24255069
24245929
24245926
24625622
24491194
24342149
24452880
24491609
24724093
25180439
24766521
24354897
24717141
26736027
24983475
24728394
23877970
24274245
24157540
24126281
23906725
24330891
24025760
24305078
23580131
24005546
23673864
24015254
23823533
23803518
23937084
23978082
23684979
23540599
23762467
23917126
23148782
23445934
23651729
23231808
23496805
23161356
22200095
23764335
23245785
23755991
23517445
23672579
23792857
23792855
23198722
23106761
22193972
23115342
22835842
22687547
22595028
22928800
22950039
22736575
22903909
22583520
22468823
22656682
22381192
23088091
21443892
22059938
23341282
22397512
23367843
22082106
21988078
22134452
22147449
22338360
21969463
21898603
21489700
21724666
21853350
21144125
21367351
21715297
21545724
21047644
21236639
20922362
21248419
20494591
21093682
21180658
20856187
20483463
20420716
20088647
19766403
20083372
20218798
20144193
22893802
21174249
19716397
19756511
19703322
19703319
19899642
19640317
19684502
19289256
19091328
19485102
18800372
19062168
19359452
19011595
18930375
18377999
18590795
18406398
18716996
18068725
18806234
17698081
18313695
18423611
18423610
18498263
17853136
18308907
18093809
17977603
17352380
18037391
17392739
17916253
17509537
16445942
17888207
17436378
16621608
17592167
17100516
17099599
16971540
16904506
16891587
16891562
16574735
16139487
16720800
16553222
16055312
15985841
16145296
15993948
15962694
15820703
15253095
15173543
15027792
15027789
12775293
12450636
12607144
12021557
11919251
11993293
11848709
11860049
11853357
11794574
11281311
11469166
11020103
10807961
10759055
10654989
10645738
10360132
10378168
10226451
10217920
10066999
9874904
9821567
9870231
9653417
9569890
9464211
9836062
9460740
9403392
9415928
9238206
9005271
8827652
9594108
8731549
8770439
8547457
7654154
7792338
7802106
9465143
7936952
10150543
8336261
8486800
1355475
1984709
2266215
2365895
2313538
3355907
3760199
3989520
6691477
7182853
7346629
430334
1262517
1165260
