31759046
31697945
31654623
31843397
31805289
31765726
31755013
31734707
31473161
30710446
31445955
31561480
31539899
30865372
30963958
31132569
31440750
31391473
31370877
30955840
30753875
31156405
31133832
30952323
30628802
30898126
30881293
30611912
30219262
30056129
30636629
30535682
29754278
30336229
30153692
30610352
31045558
30596711
30513893
30538720
30459654
30230992
30251159
30371665
30232864
30327687
29927732
30181699
30120421
30089868
29775837
30026011
29766510
29580893
29973144
30377594
30018659
29738768
29338843
28550530
29373817
29421591
29662948
29409977
29796219
28862251
29452180
29175308
28093566
29307250
29335360
29403000
29074097
29217357
29352277
28963000
29156991
28942597
28884427
28778658
29942432
28805432
29107895
28667676
28791385
29018340
28599071
28600997
28892066
28814468
28814465
28527907
28574862
28428145
28205604
28532277
28491025
28473755
28057459
28167453
28025095
28073098
28137660
27993636
27908524
27235163
27616342
26885687
27740964
26650043
27417516
26899175
27392642
27297027
27275520
26965572
26833658
27139234
26037911
27316581
26538448
26655446
26611866
26740318
26985040
26772783
26295915
26888649
26642920
25542511
26052039
26530305
26210936
26225843
26500564
26277823
25976074
26160034
25979764
26019008
25533726
25882722
26066724
25585683
25746511
25750029
25460029
25430781
25659132
25575638
25449394
25996742
25533441
26167978
26458179
25451096
24910169
25451698
24887568
25271215
24975424
25309354
25278853
25309317
25178800
24675160
24988461
23331637
24667363
24583372
25002839
24925360
24677338
24657739
24519098
24808840
24675061
24304718
24239430
24335837
24326087
24839560
24346248
23891637
24070857
23680165
23681605
23624119
23318688
21736515
23840700
23741416
23754992
23474020
23819217
23279008
23866614
23178193
23011267
23382811
23181382
22824590
22842072
22176467
23093202
22713910
22776621
22659471
22659580
22421563
22516520
22522023
22701407
22108759
22137886
21925525
21976046
21918506
22927935
21803372
21843541
21377492
21701068
21285873
21194896
20849863
20832443
21808731
21191042
20804778
20844476
20838777
20599458
20700523
20403087
19751543
20050844
20015341
19929310
21309117
19663264
19167702
19167197
18700055
19095221
17886167
19019199
18635156
18534828
18709460
18577419
17957211
18339410
18391192
17611082
18037007
17027033
17267088
17254618
17011803
17031709
16926056
16920205
16860405
16971540
16546269
16555237
19412447
16256211
16779920
16095730
15978551
16043370
15682295
18568126
16095698
15677425
15225968
15036608
15262319
12154148
12021835
11522256
11331084
11399298
12587183
11006431
9676829
9620801
8731522
7824596
8046462
