32440590
32425832
32348016
32341766
32310142
32302820
32295535
32293830
32284819
32222725
32183089
32182559
32179237
32176590
32161657
32151452
32134285
32128559
32081932
32074319
32013935
32009997
32009989
31971424
31926905
31910205
31864116
31769379
31765510
31762950
31711031
31669451
31655035
31639528
31627171
31620028
31584243
31574137
31507261
31488044
31401457
31398536
31349177
31279324
31262544
31231478
31223031
31206738
31192654
31189410
31177239
31134710
31103906
31003212
30990461
30986752
30979537
30945914
30944165
30901459
30849715
30831461
30829814
30817683
30807663
30791869
30773148
30742471
30727839
30684892
30670997
30616128
30572246
30554861
30519997
30507232
30502903
30516021
30499934
30471214
30467678
30450388
30444208
30428446
30422805
30396461
30389908
30338570
30332748
30316043
30295554
30285825
30260530
30256497
30253231
30177846
30169439
30145770
30136256
30135051
30131685
30125245
30124361
30116769
30111254
30086395
30055619
30053860
30052053
30039838
30031369
29982083
29958337
29940456
29937262
29912061
29884164
29789017
29780334
29769152
29752016
29736339
29731735
29727810
29717483
29713297
29707167
29674970
29657916
29637527
29635395
29609489
29580220
29563072
29550677
29527476
29482857
29461920
29456286
29362020
29321658
29313489
29294429
29287830
29284552
29249946
29248614
29241356
29220694
29216235
29185490
29172725
29163311
29154809
29131398
29110899
29107937
29087904
29087864
29084106
29052464
29052102
29042341
29029579
28994620
28923718
28916628
28868042
28830555
28818658
28810973
28806364
28781928
28778834
28756343
28717512
28713319
28712089
28672256
28641601
28595276
28593599
28530344
28523223
28483653
28465569
28456330
28376696
28370684
28365745
28349778
28347379
28335040
28326164
28322068
28295837
28290939
28244983
28196108
28177077
28110112
28077328
28068140
28067785
28002832
27976973
27919830
27906119
27875034
27871027
27837579
27816010
27815131
27686278
27794690
27641312
27786515
27776275
27775823
27770748
27761402
27736051
27733826
27722837
27716541
27685852
27672554
27664819
27650432
27617651
27607181
27576930
27483516
27459209
27458541
27412783
27391620
27357964
27353125
27323220
27255857
27236589
27224676
27214523
27164866
27157032
27155870
27148692
27107667
27058006
27049683
27022961
26999558
26942337
26923670
26917165
26903888
26892753
26891248
26866677
26863536
26851698
26830930
26808234
26724692
30210581
26707354
26691304
26670285
26645740
26645315
26618238
26609425
26600007
26593097
26580696
26557708
26522237
26496530
26494540
26481979
26474266
26459843
26447678
26414191
26390014
26379596
26372003
26360008
26357590
26335088
26277801
26220415
26190531
26176500
26175673
26174294
26152322
26149734
26126233
26121171
26110112
26106539
26091614
26064685
26051247
26042021
26029852
26005396
25984734
25945946
25915799
25904871
25896121
25893970
25882836
25870933
25856740
25851607
25847622
25847536
25846251
25845746
25799920
25793595
25791360
25750106
25737635
25735018
25680674
25562579
25470729
25444643
25441015
25401486
25396328
25386764
25378962
25367636
25354926
25350012
25338187
25337851
25317258
25301715
25274821
25266761
25249005
25193507
25184336
25180439
25158635
25154707
25123377
25093599
25092377
25080589
25080403
25030801
25023383
25022773
25007116
24950747
24945123
24936431
24926418
24888985
24886789
24886027
24886016
24850268
24793794
24786361
24766521
24743802
24724093
24717141
24709385
24705337
24704382
24695267
24625622
24578444
24568233
24561216
24560827
24516784
24473965
24454969
24440596
24371510
24368675
24354897
24345958
24338947
24330891
24325239
24324929
24321890
24245929
24245926
24227448
24219770
24217129
24209608
24206075
24199660
24199215
24165904
24146643
24114806
24107763
24064333
24055595
24030869
24015254
24005546
23978082
23966914
23965263
23950739
23929546
23919462
23911835
23902798
23892070
23877970
23876157
23875821
23870491
23801589
23792855
23777191
23755991
23714655
23672579
23671761
23667516
23644911
23594034
23582269
23574368
23553251
23542547
23541513
23522878
23519404
23469076
23456696
23438728
23412330
23370069
23364826
23334677
23332608
23312562
23312478
23290323
23257059
23194933
23176609
23171911
23171530
23161356
23148886
23137802
23114820
23066111
23050070
23002418
22959888
22950039
22932729
22903909
22903886
22766415
22765837
22688672
22687547
22647964
22595028
22586106
22542534
22535469
22492988
22492735
22468823
22440458
22414631
22404963
22397911
22336639
22278745
22251449
22213461
22200095
22197003
22193972
22156722
22154900
22149443
22149328
22147449
24073082
22016764
22011378
21971161
21898707
21898603
21847376
21790343
21739522
21724666
21715297
21714306
21683556
21672298
21663803
21601366
21592319
21545724
21489700
21464362
21410321
21404632
21382385
21367358
21367351
21360415
21315519
21295148
21287964
21211792
22383864
21175922
21174503
21169818
21147478
21075593
21075363
21074109
21051088
21047644
20964954
20934312
20889289
20703199
20653296
20623596
20602730
20569651
20537404
20494591
20483968
20450940
20385245
20188348
20173296
20144193
20143428
20063246
20036466
20032904
20030756
20015341
19996229
19900188
19899847
19894145
19766987
19748169
19732482
19716397
19703322
19703319
19684502
19640317
19577020
19561776
19538748
19359964
19501653
19485102
19442579
19364415
19345420
19330596
19243646
19222049
19217076
19212970
19204651
19135411
19125377
19091328
19081708
19060728
19058857
19058787
19014750
18991534
18976983
18930375
18853946
18830395
18806234
18800372
18756390
18752730
18690294
18614265
18597797
18572983
18571195
18498263
18490028
18445532
18431266
18426073
18423611
18423610
18406398
18392607
18377120
18365849
18330460
18321537
18313695
21241538
18297597
18201876
18178168
32288847
19639038
18037392
18037028
18022601
17977603
17974933
17923164
17916253
17900014
17853136
17803876
17727586
17721952
17708833
17703281
17698081
17603416
17567267
17534108
17502807
17489754
17467228
17454669
17442266
17436378
17420442
17400491
17392739
17384929
17354268
17352380
17331476
17288648
17285093
17236646
17144752
17100516
17099599
17075909
17049245
17018171
17008144
16971540
16901721
16891593
16891587
16866599
16822734
16756918
16720800
16716352
16714037
16678789
16650726
23814410
26529220
16574735
16572048
16571547
16564436
16553222
16545552
16544370
16530379
16525797
16508348
16505303
16445942
16426890
16413644
16382423
16368036
16364617
16338681
16331846
16221620
16150685
16139487
16130309
16123770
16061327
16034572
15997600
15993948
15967648
15962694
15953584
15907941
15854784
15828982
15823161
15820703
15755223
15728437
15695066
15685120
15684912
15677406
15621396
15572179
15385703
15311990
15253095
15103190
15033217
15027792
15027791
15027789
15014580
14744471
14744467
14709930
14702249
14656448
14590610
14563041
14519609
14512209
12946114
12943029
12890130
12775293
12742675
12635858
12607144
12559838
12497553
12460691
12450961
12428776
12392227
12359673
12296491
12182276
12127473
12115713
12111339
12092915
12021557
11939910
11884651
11853357
11848709
11835591
11501691
11469166
11469156
11373423
11333421
11234906
11191582
11009334
10980322
10937428
10855761
10838673
10789025
10740947
10740933
10739426
10624547
24927303
10467560
10202568
10201677
10190337
10066999
10028204
10026458
9972438
9870231
9830247
9824168
9821567
9709988
9690187
9642888
9627822
9619155
9464211
9460740
9391946
9391941
9337500
9247392
9238233
9024955
9016280
9016264
9005271
8944395
8827652
8987015
8770439
8719125
8699538
8771224
8547457
8539301
21241539
7793467
7654155
7640686
7792338
7802106
7802100
7846290
7820356
7926706
9465143
8207722
8066356
20058414
8155064
8135708
7826934
8399831
8416021
8317569
8336261
8448047
1395548
1574566
1568858
1741732
2365895
2349456
2140381
2326395
2373064
2748296
3355907
3363185
3430429
3958204
3950595
3993746
543434
858798